# Nota: C-Order, 1 refers to the Y axis, 2 to the X axis 
# Calibration done at Thu May  4 10:08:03 2023
poni_version: 2
Detector: RayonixSx165
Detector_config: {"pixel1": 7.9e-05, "pixel2": 7.9e-05}
Distance: 0.1945710487399116
Poni1: 0.09140108239941036
Poni2: 0.0831203924302883
Rot1: 0.06326716380102028
Rot2: -0.054738929703024644
Rot3: -8.967452065677822e-10
Wavelength: 9.998725680096795e-11
